-633600 649172 
-976659 -908399 -219578 39433 206963 627741 799204 965208 
null
-937424 -900712 -633600 -534398 -238888 203080 344399 489506 870496 
-976659 -908399 -219578 39433 206963 627741 642106 799204 965208 
-863939 -361898 -337501 -155258 -108473 898944 
-937424 -900712 -758913 -633600 -534398 -238888 203080 344399 489506 870496 
-863939 -377208 -361898 -337501 -155258 -108473 898944 
-824086 -707874 -505809 420231 702220 828728 870823 953436 
-937424 -900712 -758913 -633600 -534398 -251459 -238888 -204240 -126472 203080 230456 288942 344399 489506 870496 
-824086 -707874 -505809 420231 702220 828728 870823 953436 
-937424 -900712 -758913 -633600 -534398 -251459 -238888 -204240 -126472 25337 203080 230456 288942 344399 489506 870496 
-937424 -900712 -758913 -633600 -550169 -534398 -251459 -238888 -235760 -204240 -126472 25337 203080 230456 288942 344399 489506 870496 
null
-353061 -195582 5903 42194 505592 878687 
-824086 -707874 -698536 -505809 -192275 420231 702220 828728 837720 870823 953436 
-976659 -908399 -724550 -673358 -390106 -358469 -310940 -219578 39433 96846 206963 627741 642106 763947 799204 801317 900078 965208 
-937424 -900712 -758913 -633600 -550169 -534398 -251459 -238888 -235760 -204240 -147555 -126472 25337 203080 230456 288942 344399 489506 870496 
-937424 -900712 -843781 -758913 -633600 -550169 -534398 -251459 -238888 -235760 -204240 -147555 -127257 -126472 25337 126296 203080 230456 288942 344399 489506 870496 
-824086 -707874 -698536 -505809 -192275 398766 420231 702220 828728 837720 870823 953436 
-976659 -908399 -796290 -724550 -673358 -390106 -358469 -310940 -269448 -219578 39433 96846 122615 206963 435281 531382 627741 642106 763947 799204 801317 900078 965208 975674 
-937424 -900712 -843781 -758913 -633600 -550169 -534398 -251459 -238888 -235760 -204240 -147555 -127257 -126472 25337 126296 153592 203080 230456 288942 344399 489506 864028 870496 
-937424 -900712 -847581 -843781 -758913 -722693 -633600 -550169 -534398 -251459 -238888 -235760 -204240 -147555 -127257 25337 93759 126296 153592 203080 230456 288942 344399 489506 864028 870496 
-937424 -900712 -847581 -843781 -758913 -722693 -633600 -550169 -534398 -251459 -238888 -235760 -204240 -147555 -127257 25337 93759 153592 203080 230456 288942 344399 489506 864028 870496 
-845452 -824086 -707874 -698536 -505809 -192275 -47875 370435 398766 420231 422656 702220 828728 837720 870823 953436 
-824086 -707874 -698536 -505809 -66347 -47875 65181 299561 370435 398766 420231 422656 527663 702220 828728 837720 870823 953436 
-950751 -937424 -900712 -847581 -843781 -758913 -722693 -633600 -550169 -534398 -251459 -238888 -235760 -217307 -204240 -147555 -127257 25337 93759 153592 203080 230456 286423 288942 489506 500798 824547 864028 870496 
-976659 -908399 -796290 -740560 -724550 -689761 -673358 -390106 -358469 -310940 -269448 -234191 -219578 39433 96846 98784 122615 206963 400975 435281 531382 627741 642106 763947 793859 799204 801317 900078 922683 965208 975674 
-824086 -823784 -707874 -698536 -505809 -198584 -66347 -47875 65181 195464 299561 370435 398766 420231 422656 527663 680777 716677 828728 837720 870823 953436 974892 
-976659 -908399 -796290 -740560 -724550 -710261 -689761 -673358 -390106 -358469 -310940 -269448 -234191 -219578 39433 96846 98784 122615 206963 400975 435281 531382 627741 642106 659039 763947 793859 799204 801317 900078 922683 965208 975674 
-691568 -462637 -377208 -376713 -337501 -271260 -155258 -139725 -129714 -108473 -80602 228334 260254 357647 384670 484971 586985 709337 835356 898944 921877 
-691568 -462637 -377208 -376713 -337501 -271260 -155258 -139725 -129714 -108473 -80602 228334 260254 357647 384670 484971 586985 709337 835356 898944 921877 
-706919 -690707 -649853 -639754 -604847 -482199 -453022 -353061 -317810 -308375 -210926 -195582 -142321 -113175 -109508 5903 329029 505592 534975 611283 798574 831518 878687 878818 922631 
null
-841274 -824086 -823784 -707874 -698536 -505809 -208025 -198584 -66347 -47875 65181 195464 299561 370435 398766 420231 422656 527663 680777 716677 828728 837720 870823 953436 974892 
-933828 -691568 -462637 -377208 -376713 -337501 -271260 -155258 -139725 -129714 -108473 -80602 228334 260254 357647 384670 586985 709337 735179 835356 898944 921877 
-933828 -691568 -462637 -377208 -376713 -337501 -273829 -271260 -155258 -139725 -129714 -108473 -80602 228334 260254 357647 384670 586985 709337 735179 835356 898944 921877 
-976659 -924049 -908399 -787424 -740560 -724550 -710261 -689761 -673358 -448732 -390106 -389355 -358469 -310940 -234191 39433 96846 98784 122615 206963 400975 423373 435281 531382 627741 642106 659039 793859 799204 801317 900078 922683 965208 975674 
-933828 -933734 -691568 -479034 -462637 -377208 -376713 -337501 -273829 -271260 -155258 -139725 -129714 -108473 -80602 228334 260254 357647 384670 586985 686655 709337 735179 835356 898944 921877 930328 
-950751 -937424 -900712 -847581 -843781 -758913 -722693 -701775 -633600 -562396 -550169 -534398 -411599 -251459 -238888 -235760 -223460 -217307 -204240 -200082 -186145 -147555 -127257 6761 25337 75402 93759 153592 203080 230456 286423 288942 475344 489506 561286 572720 688675 734384 824547 864028 870496 917918 982083 
-976659 -924049 -912147 -908399 -787424 -740560 -724550 -710261 -689761 -673358 -627862 -448732 -390106 -389355 -310940 -234191 -56716 39433 80827 96846 98784 122615 126939 206963 283450 400975 423373 435281 531382 627741 642106 659039 793859 900078 965208 975674 
-976659 -924049 -912147 -908399 -787424 -740560 -724550 -710261 -689761 -673358 -627862 -448732 -390106 -389355 -310940 -234191 -56716 39433 80827 96846 98784 122615 126939 206963 283450 400975 423373 435281 531382 627741 642106 659039 793859 900078 965208 975674 
-968169 -959603 -841274 -824086 -823784 -778300 -707874 -698536 -684336 -525141 -505809 -472524 -208025 -66347 -47875 65181 112601 127420 174053 195464 299561 370435 398766 422656 454084 527663 565258 716677 766345 812518 828728 837720 859530 953436 974892 
-933828 -933734 -793189 -691568 -494861 -479034 -462637 -377208 -376713 -337501 -273829 -271260 -255587 -155258 -139725 -129714 -108473 -80602 -66219 228334 260254 384670 485847 586985 622730 686655 709337 735179 835356 898944 921877 930328 
-976659 -924049 -912147 -908399 -787424 -740560 -724550 -689761 -673358 -627862 -448732 -390106 -389355 -310940 -234191 -56716 39433 80827 96846 98784 122615 206963 283450 400975 423373 435281 627741 642106 659039 793859 965208 975674 
-976659 -924049 -912147 -908399 -787424 -740560 -724550 -689761 -673358 -627862 -448732 -390106 -389355 -310940 -234191 -56716 39433 80827 96846 98784 122615 206963 283450 400975 423373 435281 627741 642106 659039 793859 965208 975674 
-950751 -937424 -900712 -847581 -843781 -722693 -633600 -562396 -550169 -534398 -429523 -411599 -251459 -238888 -235760 -223460 -217307 -186145 -147555 -127257 6761 25337 75402 93759 144401 153592 203080 230456 288942 364198 377493 475344 489506 548131 572720 688675 734384 824547 864028 870496 883761 
-690707 -639754 -604847 -482199 -453022 -353061 -317810 -308375 -195582 -193562 -142321 -113175 -109508 -107062 5903 30550 131590 162329 306820 329029 455346 505592 534975 611283 665231 727820 798574 831518 878687 878818 936471 942409 
-950751 -937424 -900712 -847581 -843781 -722693 -562396 -550169 -534398 -429523 -411599 -251459 -238888 -235760 -223460 -217307 -186145 6761 25337 75402 93759 144401 153592 203080 230456 288942 364198 377493 475344 489506 548131 572720 688675 864028 883761 
-950751 -937424 -900712 -847581 -843781 -722693 -562396 -550169 -534398 -429523 -411599 -251459 -238888 -235760 -223460 -217307 -186145 6761 25337 75402 93759 144401 153592 203080 230456 288942 364198 377493 475344 489506 548131 572720 688675 864028 883761 
-959603 -870953 -863587 -824086 -823784 -778300 -707874 -698536 -684336 -505809 -479499 -472524 -350739 -208025 -47875 65181 112601 127420 195464 299561 422656 454084 565258 716677 766345 812518 828728 837720 859530 974892 
-950751 -937424 -900712 -847581 -843781 -722693 -562396 -550169 -534398 -429523 -411599 -251459 -238888 -235760 -223460 -217307 -186145 6761 25337 75402 93759 139231 144401 153592 203080 230456 288942 364198 377493 475344 489506 548131 572720 688675 864028 883761 
-793189 -494861 -462637 -377208 -337501 -273829 -271260 -264130 -255587 -155258 -129714 -108473 -80602 -66219 228334 384670 485847 586985 622730 686655 735179 835356 898944 930328 
-950751 -937424 -900712 -847581 -843781 -722693 -562396 -550169 -534398 -429523 -411599 -251459 -238888 -235760 -223460 -217307 -186145 -44013 -44005 75402 91694 93759 139231 153592 203080 230456 288942 364198 377493 475344 489506 548131 572720 645137 688675 864028 883761 
-924049 -908399 -740560 -724550 -689761 -673358 -627862 -448732 -390106 -389355 -320019 -56716 39433 96846 98784 122615 206963 400975 423373 627741 642106 659039 965208 975674 
-924049 -908399 -740560 -724550 -689761 -673358 -627862 -448732 -390106 -389355 -320019 -56716 39433 96846 98784 122615 206963 400975 423373 627741 642106 659039 965208 975674 
-959603 -959204 -870953 -863587 -824086 -823784 -778300 -707874 -698536 -505809 -479499 -472524 -208025 -100320 -47875 112601 195464 299561 422656 454084 565258 716677 766345 812518 825022 828728 837720 859530 974892 
-604847 -482199 -453022 -339325 -317810 -308375 -276957 -195582 -142321 -113175 -109508 -107062 5903 30550 131590 162329 306820 329029 408007 505592 534975 611283 665231 727820 798574 831518 878687 878818 942409 
-950751 -937424 -900712 -847581 -843781 -722693 -562396 -550169 -534398 -429523 -411599 -251459 -238888 -235760 -217307 -186145 -44013 -44005 75402 91694 93759 139231 153592 203080 230456 288942 364198 377493 475344 489506 548131 572720 645137 688675 853013 864028 883761 
-604847 -482199 -453022 -339325 -317810 -308375 -276957 -195582 -142321 -113175 -107062 5903 30550 131590 162329 306820 329029 408007 505592 534975 611283 665231 727820 798574 831518 878687 878818 942409 
-959603 -959204 -870953 -863587 -824086 -823784 -778300 -707874 -698536 -505809 -479499 -472524 -208025 -100320 -47875 112601 195464 299561 422656 454084 565258 716677 766345 812518 825022 828728 837720 859530 974892 
-482199 -453022 -339325 -317810 -308375 -276957 -195582 -142321 -113175 -107062 5903 30550 131590 162329 306820 329029 408007 505592 534975 611283 665231 727820 798574 831518 878687 878818 942409 
-959603 -959204 -870953 -863587 -824086 -823784 -778300 -707874 -698536 -505809 -479499 -472524 -208025 -100320 -47875 112601 195464 299561 422656 454084 565258 716677 766345 812518 825022 828728 837720 859530 974892 
-482199 -453022 -339325 -317810 -308375 -276957 -195582 -142321 -113175 -107062 5903 30550 131590 162329 306820 329029 408007 505592 534975 611283 665231 727820 798574 831518 878687 878818 942409 
-966574 -482199 -453022 -339325 -317810 -308375 -276957 -195582 -142321 -113175 -107062 5903 30550 131590 162329 306820 329029 408007 505592 534975 611283 665231 727820 798574 831518 878687 878818 942409 
-937424 -900712 -847581 -843781 -722693 -562396 -550169 -534398 -429523 -251459 -238888 -235760 -217307 -186145 -44013 -44005 75402 91694 93759 153592 203080 288942 364198 475344 489506 548131 572720 645137 688675 853013 864028 883761 
-482199 -453022 -339325 -317810 -308375 -195582 -142321 -113175 -107062 30550 131590 162329 306820 329029 408007 505592 534975 665231 798574 831518 878687 878818 942409 
-959603 -959204 -870953 -863587 -823784 -778300 -698536 -505809 -479499 -472524 -208025 112601 195464 299561 422656 454084 565258 618482 766345 812518 828728 837720 859530 
-937424 -562396 -550169 -534398 -251459 -238888 -235760 -217307 -186145 -44013 -44005 75402 91694 93759 153592 203080 286867 288942 364198 489506 548131 572720 645137 670819 688675 864028 
-482199 -453022 -317810 -142321 -113175 -107062 30550 131590 162329 306820 329029 408007 505592 798574 831518 878687 878818 
-462637 -377208 -255587 -231162 -155258 -108473 -80602 -66219 23739 228334 384670 485847 622730 686655 744732 835356 
